A 0 1 23 17 13 9 5
yellow 1 1 23 19 17 13 9 3 31 33 35 37 39 41 43 45
biking 1 1 23 17 13 9 5 0 2 24 18 14 10 6 31 33 32 34 35 37 39 41 43 45 36 38 40 42 44 46
C 0 1 23 17 13 9 5
D 0 1 23 15 13 9 5 25
bacon 1 1 15 11 9 5 0 2 16 12 10 6 31 33 35 37 39 41 43 45
B 0 1 23 15 11 7 3
test 1 23 19 15 11 7 3 0 24 20 16 12 8 4
test 0 1 23 15 11 7 3 25 0 2 24 20 16 12 8 4 26
test 0 1 23 19 15 11 7 3 25
test 0 1 23 15 11 7 3 0 2 24 20 16 12 8 4 26
test 0 1 23 19 15 11 7 3 0 2 24 20 16 12 8 4 26
test 0 1 23 15 11 7 3 0 2 24 20 16 12 8 4 26
test 1 1 23 15 11 7 3 25 0 2 24 20 16 12 8 4 26 31 33 35 37 39 41 43 45
test 1 1 23 19 15 11 7 3 25 35 37 39 41 43 45
test 1 1 23 19 15 11 7 3 0 2 24 20 16 12 8 4 26 31 33 35 37 39 41 43 45
test 1 1 23 19 15 11 7 3 25 0 2 24 20 16 12 8 4 26
