A 0 1 23 17 13 9 5
yellow 1 1 23 19 17 13 9 3 31 33 35 37 39 41 43 45
biking 1 1 23 17 13 9 5 0 2 24 18 14 10 6 31 33 32 34 35 37 39 41 43 45 36 38 40 42 44 46
C 0 1 23 17 13 9 5
D 0 1 23 15 13 9 5 25
E 0 1 23 17 13 9 5
F 0 1 23 17 11 7 3 25
B 0 1 23 15 11 7 3
G 0 15 13 9 5 25
H 0 15 11 9 5
I 0 1 23 17 13 9 3
J 1 1 23 17 13 9 3 31 33 35 37 39 41 43 45
K 0 23 15 11 9 5
L 0 1 23 19 15 13 9 5 25
M 0 1 23 17 13 9 5
N 0 1 23 17 13 9 5
O 0 1 23 17 13 9 5
P 0 15 11 9 5 25
Q 0 1 15 13 9 5 25
R 0 1 23 15 11 9 5
S 0 1 23 17 13 9 5
T 0 1 23 17 13 9 5
U 0 1 23 15 11 9 5
V 0 1 23 15 11 9 5 25
W 0 1 23 15 11 7 5 25
X 0 1 23 13 9 5 25
Y 0 1 23 19 17 13 9 3
Z 1 1 23 15 13 9 5 25 31 33 35 37 39 41 43 45
green 1 1 15 13 9 5 25 31 33 35 37 39 41 43 45
blue 1 23 15 11 7 3 31 33 35 37 39 41 43 45
sign(noun) 1 1 15 13 9 5 25 0 2 16 14 10 6 26 31 33 32 34 35 37 39 41 43 45 36 38 40 42 44 46
car 1 1 23 17 13 9 5 0 24 18 14 10 6 33 32 34 35 37 39 41 43 45 36 38 40 42 44 46
driving 1 23 17 13 9 5 0 24 18 14 10 6 31 33 32 34 35 37 39 41 43 45 36 38 40 42 44 46
I_Love_You 0 1 23 19 15 13 9 3 25
boy 1 1 23 15 13 9 5 35 37 39 41 43 45
milk 1 19 17 13 9 5 35 37 39 41 43 45
yes 1 1 23 17 13 9 5 33 35 37 39 41 43 45
play 1 1 23 19 17 13 9 3 0 2 24 20 18 14 10 4 31 33 32 34 35 37 39 41 43 45 36 38 40 42 44 46
finish 1 1 23 19 15 11 7 3 25 0 2 24 20 16 12 8 4 26 31 33 32 34 35 37 39 41 43 45 36 38 40 42 44 46
One 0 23 15 13 9 5 25
Two 0 23 15 11 9 5 25
Three 0 23 19 15 11 9 5 25
1 0 23 15 13 9 5 25
2 0 23 15 11 9 5 25
3 0 23 19 15 11 9 5 25
4 0 23 15 11 7 3
5 0 23 19 15 11 7 3
